0 1693
1 1714
2 1413
3 1720
4 1631
5 1813
6 1603
7 1757
8 1813
9 1642
10 1740
11 1693
12 1349
13 1802
14 1816
15 644
16 1628
17 1807
18 1816
19 1807
20 1762
21 1110
22 1802
23 1758
24 1714
25 1816
26 1802
27 1813
28 1774
29 1807
30 1710
31 1788
32 1816
33 1402
34 1748
35 1779
36 1795
37 1625
38 1600
39 45
40 1576
41 1804
42 1466
43 1804
44 1796
45 997
46 923
47 1723
48 1686
49 1553
50 1703
51 1804
52 1804
53 1689
54 1775
55 1789
56 1807
57 1815
58 1689
59 1260
60 1722
61 1788
62 1814
63 1816
64 924
65 1696
66 1797
67 1679
68 1714
69 1598
70 1608
71 1687
72 1804
73 1812
74 1675
75 1757
76 823
77 1807
78 1482
79 1788
80 1818
81 1765
82 1766
83 1714
84 1684
85 839
86 1657
87 1807
88 1807
89 1804
90 1720
91 1679
92 1807
93 963
94 1804
95 1757
96 1802
97 1788
98 1031
99 1655
100 1755
101 1804
102 1185
103 1804
104 1807
105 1652
106 1667
107 1766
108 1724
109 1804
110 1589
111 1187
112 1482
113 1804
114 1557
115 1807
116 1800
117 1539
118 1599
119 1672
120 1628
121 1804
122 1788
123 1402
124 1377
125 1637
126 1786
127 1797
128 1482
129 1788
130 1766
131 1804
132 1811
133 1718
134 1802
135 1769
136 1540
137 1808
138 1807
139 1796
140 1807
141 1751
142 1801
143 1164
144 1812
145 1533
146 1748
147 1813
148 976
149 1788
150 1807
151 1367
152 1370
153 1600
154 1747
155 1807
156 1466
157 785
158 1792
159 382
160 1521
161 1066
162 1574
163 1788
164 1526
165 1584
166 1466
167 1801
168 1774
169 1808
170 1690
171 1813
172 1805
173 1817
174 1804
175 1748
176 1573
177 1796
178 1466
179 1805
180 1797
181 1382
182 1800
183 1808
184 1559
185 1482
186 1733
187 1788
188 1533
189 1814
190 1569
191 1755
192 1788
193 878
194 902
195 1813
196 1748
197 1703
198 1760
199 394
200 1687
201 1408
202 1818
203 1779
204 1804
205 1804
206 1805
207 878
208 1765
209 1564
210 1807
211 1802
212 1732
213 1589
214 1481
215 1807
216 1205
217 1556
218 1810
219 1477
220 356
221 1804
222 1311
223 1560
224 1808
225 1727
226 1775
227 1675
228 1519
229 902
230 1762
231 1343
232 1807
233 1790
234 470
235 1800
236 1706
237 1692
238 1804
239 1749
240 1482
241 1724
242 947
243 578
244 1788
245 1786
246 1807
247 1720
248 1779
249 742
250 1804
251 1806
252 1788
253 1766
254 1804
255 1748
256 1804
258 1687
259 1811
260 1805
261 1779
262 1807
263 1284
264 1807
265 1643
266 1755
267 1485
268 1802
269 1758
270 1804
271 1804
272 1804
273 1574
274 1722
275 1804
276 1689
277 1817
278 1553
279 1481
280 1786
281 1788
282 1807
283 1679
284 1804
285 1041
286 1792
287 1753
288 1765
289 1816
290 1642
291 1804
292 1657
293 1422
294 1687
295 1697
296 1807
297 1601
298 1804
299 1753
300 1539
301 1808
302 1747
303 1798
304 1799
305 1805
306 1601
307 1608
308 1722
309 1722
310 739
311 1318
312 1766
313 1737
314 1697
315 1748
316 1572
317 1745
318 1804
319 1761
320 1807
321 1497
322 1482
323 1804
324 1804
325 1779
326 1733
327 1566
328 328
329 832
330 1818
331 1657
332 1533
333 1593
334 1804
335 1796
336 1500
337 1807
338 1788
339 1747
340 1759
341 1807
342 1598
343 1598
344 1805
345 1278
346 1796
347 1804
348 1804
349 1706
350 1714
351 1807
352 1181
353 1576
354 1804
355 1815
356 1804
357 1732
358 1386
359 1718
360 1482
361 1628
362 1757
363 1751
364 1786
365 1497
366 1675
367 1500
368 1714
369 1257
370 1800
371 1809
372 1738
373 1807
374 1546
375 1797
376 1675
377 1644
378 1804
379 1804
380 1766
381 1799
382 1765
383 1787
384 1599
385 922
386 1802
387 1804
388 1766
389 1813
390 1788
391 1482
392 1483
393 1685
394 1807
395 1485
396 1275
397 995
398 1703
399 1759
400 1758
401 1787
402 1807
403 1796
404 1670
405 1796
406 1260
407 1338
408 1720
409 1804
410 1810
411 1758
412 1777
413 1816
414 1766
415 1321
416 1466
417 1804
418 1788
419 1058
420 1671
421 1720
422 1767
423 1766
424 1809
425 1314
426 1722
427 1799
428 1766
429 1703
430 1628
431 1085
432 1546
433 1788
434 1166
435 1809
436 1713
437 1815
438 1146
439 1687
440 1804
441 1514
442 1782
443 1676
444 1521
445 1787
446 1675
447 1807
448 1804
449 1804
450 1804
451 1753
452 1722
453 1001
454 1788
455 1798
456 1791
457 1748
459 1813
460 1804
461 1623
462 1804
463 1687
464 1657
465 1766
466 1466
467 1804
468 1807
469 1802
470 1804
471 1611
472 1485
473 1283
474 1500
475 1653
476 1447
477 1110
478 1737
479 1813
480 1347
481 1694
482 1738
483 1233
484 1807
485 1787
486 1804
487 1576
488 1804
489 1450
490 1463
491 1757
492 1633
493 1815
494 1557
495 1818
496 1804
497 1804
498 1807
499 1818
500 1763
501 1720
502 1567
503 1766
504 1807
505 1628
506 1500
507 1714
508 1657
509 1658
510 1801
511 1628
512 1804
513 1783
514 1714
515 1801
516 1643
517 1797
518 1748
519 1500
520 1697
521 1601
522 1802
523 1748
524 1732
525 1703
526 539
527 1816
528 1795
529 1786
530 1756
531 1751
532 1808
533 1788
534 1786
535 1672
536 1776
537 1613
538 1482
539 1749
540 1796
541 1813
542 1766
543 1665
544 1651
545 1277
546 1788
547 547
548 1804
549 1804
550 717
551 1675
552 1751
553 1689
554 1788
555 1625
556 1742
557 1703
558 1482
559 947
560 1804
561 1521
562 1779
563 1672
564 1256
565 1766
566 1804
567 1541
568 1164
569 1737
570 1807
571 571
572 1609
573 1635
574 1594
575 1722
576 1004
577 1788
578 1783
579 1664
580 1692
581 1683
582 1788
583 1585
584 1402
585 1758
586 1197
587 1689
588 1807
589 1599
590 1807
591 1617
592 1482
593 1766
594 1816
595 1550
596 1761
597 1676
598 1703
599 1712
600 1818
601 1808
602 1816
603 1720
604 1769
605 1601
606 1576
607 1808
608 1485
609 1807
610 1432
611 1811
612 1801
613 1659
614 1686
615 1482
616 1807
617 1804
618 1683
619 1796
620 1689
621 1608
622 1682
623 1722
624 1720
625 1689
626 1560
627 1670
628 1808
629 1392
630 1804
631 1679
632 1659
633 1715
634 1661
635 1686
636 1807
637 1748
638 1598
639 1788
640 1296
641 1672
642 1810
643 1709
644 1798
646 1628
647 657
648 1818
649 1692
650 1804
651 1771
652 1802
653 1807
654 1779
655 1459
656 1703
657 1748
658 1393
659 1804
660 1804
661 1801
663 1792
664 1051
665 1714
666 1770
667 1804
668 1628
669 1804
670 1817
671 905
672 1816
673 1482
674 1722
675 1751
676 1751
677 1555
678 1748
679 1676
680 1752
681 1762
682 1164
683 1708
684 1670
685 1809
686 1815
687 1661
688 1818
689 1807
690 1804
691 1667
692 836
693 1732
694 1710
695 1804
696 1560
697 1593
698 1788
699 1808
700 1792
701 1810
702 1805
703 1804
704 1563
705 1724
706 1786
707 1252
708 892
709 1714
710 1807
711 1801
712 1804
713 1773
714 1793
715 1804
716 1757
717 1590
718 1683
719 1804
720 947
721 1766
722 1804
723 1733
724 1576
725 1794
726 1641
727 1807
728 1818
729 1659
730 1721
731 1808
732 1804
733 1796
734 1516
735 1815
736 986
737 1807
738 1777
740 1756
741 1747
742 1776
743 1805
744 1766
745 1792
746 1712
747 1807
748 1714
749 1815
750 1807
751 1807
752 1747
753 1804
754 1027
755 1808
756 1750
757 1792
758 1804
759 1657
760 1766
761 945
762 1804
763 1620
764 1818
765 1714
766 1628
767 1765
768 1714
769 1804
770 1804
771 1670
772 1641
773 1395
774 1566
775 1804
776 1787
777 1466
778 1818
779 1626
780 1738
781 1807
782 1802
783 1808
784 1466
785 1479
786 1765
787 1677
788 1750
790 1807
791 1807
792 1786
793 1628
794 1807
795 1773
796 1807
797 1804
798 1804
799 1369
800 1526
801 1804
802 1276
803 1766
804 1125
805 1499
806 1617
807 1209
808 1804
809 1197
810 1807
811 1679
812 1813
813 1794
814 1804
815 1226
817 1802
818 1763
819 1693
820 1696
821 1804
822 1581
823 1695
824 1793
825 1807
826 1797
827 1703
828 1056
829 1612
830 1766
831 1812
832 1804
833 1815
834 1688
835 1466
836 1797
837 1689
838 1809
839 1810
840 1672
841 922
842 1481
843 1391
844 1656
845 1804
846 1214
847 1709
848 1777
849 1769
850 1804
851 1804
852 1729
853 1689
855 1804
856 1787
857 1804
858 1482
859 1686
860 1482
861 1706
862 1804
863 1815
864 1792
865 1766
866 1815
867 1482
868 1748
869 1742
870 1804
871 1812
872 1809
873 1272
874 1815
875 1372
876 1804
877 1804
878 1817
879 1788
880 1807
881 1753
882 1804
883 1810
884 1749
885 1807
886 1482
887 1786
888 1482
889 1661
890 1818
891 1766
892 922
893 893
894 1804
895 1813
897 1672
898 1751
899 1804
901 1804
902 1818
903 1627
904 1813
905 1804
906 1810
907 1779
908 1777
909 1796
910 1804
911 1267
912 1516
913 1676
914 1693
915 1563
916 1482
917 1804
918 1804
919 1685
920 1567
921 1766
922 1118
923 1485
924 1788
925 1722
926 1676
927 1460
928 1766
929 929
930 1682
931 1799
932 1590
933 1714
934 1677
935 1804
936 1804
937 1779
938 938
939 1804
940 1807
941 1601
942 1788
943 1733
944 1767
945 1804
946 1466
947 1818
948 1485
949 1562
950 1690
951 1751
952 1441
953 1329
954 1718
955 1689
956 1689
957 1567
958 1497
959 1619
960 1034
961 1804
962 1692
963 1792
964 1766
965 1818
966 1767
967 1630
968 1479
969 1692
970 1667
971 1712
972 1412
973 1766
974 1816
975 1804
976 1787
977 1703
979 1766
980 1804
981 1470
982 1796
984 1723
985 1526
986 1807
987 1816
988 1807
989 1130
990 1567
991 1675
992 1628
993 1551
994 1813
995 1402
996 1676
997 1818
998 1804
999 1804
1001 1782
1002 1770
1003 1815
1005 1200
1006 1776
1007 1815
1008 1808
1009 1796
1010 1592
1011 1402
1012 1818
1013 1760
1015 1715
1016 1808
1017 1804
1020 1497
1022 1808
1024 1786
1025 1695
1026 1693
1027 1686
1028 1804
1029 1441
1030 1693
1031 1769
1032 1804
1033 1466
1034 1810
1035 1799
1036 1805
1037 1628
1038 1811
1039 1804
1040 1586
1041 1592
1042 1807
1043 1804
1044 1698
1045 1714
1046 1091
1047 1672
1048 1482
1049 1734
1050 1804
1051 1675
1052 1613
1053 1807
1054 1804
1055 1775
1056 1768
1057 1804
1058 1782
1059 1602
1060 1815
1061 1598
1062 1539
1063 1628
1064 1064
1065 1714
1066 1807
1067 1628
1068 1788
1069 1676
1070 1772
1071 1813
1072 1787
1073 1693
1074 1804
1075 1722
1076 1802
1078 1804
1079 1584
1080 1797
1081 1807
1082 1809
1083 1714
1084 1686
1085 1775
1086 1766
1087 1733
1088 1802
1089 1788
1090 1804
1091 1798
1092 1804
1093 1692
1094 1804
1095 1765
1096 1663
1097 1553
1098 1098
1099 1748
1100 1797
1102 1676
1103 1809
1104 1482
1106 1769
1107 1724
1108 1673
1109 1805
1110 1807
1111 1809
1112 1764
1113 1796
1114 1466
1115 1813
1116 1598
1117 1630
1118 1788
1119 1818
1120 1778
1121 1775
1122 1748
1124 1601
1125 1482
1126 1804
1127 1733
1128 1816
1129 1604
1130 1804
1131 1805
1132 1804
1133 1818
1134 1594
1135 1612
1136 1150
1137 1808
1138 1438
1139 1801
1140 1533
1141 1796
1142 1723
1143 1705
1144 1815
1145 1481
1147 1550
1148 1643
1149 1779
1150 1661
1151 1617
1153 1804
1154 1804
1155 1381
1156 1810
1157 1662
1158 1788
1159 1569
1160 1628
1161 1804
1162 1817
1163 1804
1164 1775
1165 1747
1166 1387
1167 1256
1168 1804
1169 1807
1170 1567
1171 1771
1172 1709
1173 1747
1174 1807
1175 1714
1176 1772
1177 1658
1178 1692
1179 1748
1180 1679
1181 1808
1182 1748
1183 1807
1184 1737
1185 1815
1186 1673
1187 1758
1188 1242
1189 1807
1190 1690
1191 1760
1192 1786
1193 1807
1194 1732
1195 1520
1196 1672
1197 1815
1198 1758
1200 1775
1201 1804
1202 1482
1203 1816
1204 1797
1205 1792
1207 1807
1208 1804
1209 1807
1210 1281
1211 1804
1212 1766
1213 1804
1214 1786
1215 1767
1216 1768
1217 1600
1218 1252
1219 1792
1220 1807
1221 1804
1222 1222
1223 1417
1224 1807
1225 1804
1226 1690
1227 1810
1228 1228
1229 1671
1230 1804
1231 1807
1232 1602
1233 1765
1234 1720
1235 1672
1236 1805
1237 1766
1238 1808
1240 1804
1241 1712
1242 1761
1244 1796
1246 1807
1247 1267
1248 1692
1249 1249
1250 1559
1251 1804
1252 1702
1253 1714
1254 1466
1256 1812
1257 1804
1258 1788
1259 1482
1260 1787
1261 1611
1262 1746
1263 1783
1265 1748
1266 1657
1267 1767
1268 1676
1269 1807
1270 1306
1271 1670
1272 1742
1273 1805
1274 1796
1275 1687
1276 1591
1277 1500
1278 1644
1279 1767
1280 1804
1281 1815
1282 1673
1283 1809
1284 1766
1285 1519
1286 1500
1287 1689
1288 1617
1289 1703
1290 1626
1291 1376
1292 1466
1293 1748
1294 1712
1295 1754
1296 1801
1297 1748
1298 1689
1301 1663
1302 1777
1303 1714
1304 1658
1305 1804
1306 1816
1307 1811
1308 1804
1309 1798
1310 1758
1311 1492
1312 1748
1313 1616
1314 1817
1315 1747
1316 1739
1317 1670
1318 1481
1320 1796
1321 1667
1322 1789
1323 1731
1325 1804
1326 1429
1327 1807
1328 1816
1329 1733
1330 1813
1331 1553
1332 1673
1333 1796
1334 1804
1335 1551
1336 1686
1337 1816
1338 1560
1339 1804
1340 1804
1342 1702
1343 1757
1344 1642
1345 1793
1346 1729
1347 1729
1348 1804
1349 1804
1350 1786
1351 1807
1352 1506
1353 1724
1354 1807
1355 1807
1357 1803
1358 1762
1359 1804
1360 1600
1361 1748
1362 1809
1363 1482
1364 1747
1366 1482
1367 1804
1368 1775
1369 1804
1370 1729
1371 1603
1372 1676
1373 1807
1374 1804
1375 1804
1376 1688
1377 1796
1378 1624
1380 1772
1381 1769
1382 1804
1383 1603
1384 1482
1385 1804
1386 1804
1387 1818
1388 1748
1389 1804
1390 1804
1391 1805
1392 1807
1393 1814
1394 1753
1395 1696
1396 1543
1397 1776
1398 1481
1399 1807
1400 1693
1402 1802
1403 1676
1404 1649
1405 1690
1406 1814
1407 1788
1408 1804
1409 1753
1410 1766
1411 1804
1412 1599
1413 1722
1414 1787
1415 1466
1417 1802
1418 1600
1419 1553
1420 1792
1421 1807
1422 1810
1423 1768
1424 1630
1426 1804
1427 1767
1428 1603
1429 1770
1431 1804
1432 1697
1433 1804
1434 1466
1436 1436
1437 1796
1438 1659
1439 1439
1440 1524
1441 1714
1442 1753
1444 1802
1447 1755
1448 1804
1449 1767
1450 1804
1451 1796
1452 1804
1453 1818
1454 1716
1455 1818
1456 1500
1457 1804
1458 1458
1460 1763
1461 1768
1462 1808
1463 1804
1464 1545
1465 1804
1466 1813
1467 1758
1468 1788
1470 1793
1471 1788
1472 1722
1473 1747
1474 1747
1475 1737
1476 1777
1479 1804
1480 1597
1481 1808
1482 1817
1483 1804
1485 1808
1486 1804
1487 1487
1488 1748
1489 1751
1490 1804
1492 1738
1493 1613
1494 1643
1495 1559
1496 1672
1497 1804
1498 1498
1500 1813
1501 1787
1503 1506
1506 1788
1507 1628
1509 1737
1510 1804
1511 1617
1512 1784
1514 1807
1515 1643
1517 1804
1518 1814
1519 1807
1520 1766
1521 1782
1522 1745
1523 1804
1524 1552
1525 1643
1526 1526
1527 1553
1528 1576
1529 1558
1530 1666
1531 1687
1532 1769
1533 1771
1534 1807
1535 1813
1536 1734
1537 1676
1538 1804
1539 1763
1540 1777
1541 1804
1543 1748
1544 1656
1545 1698
1546 1758
1547 1613
1548 1748
1549 1802
1550 1689
1551 1551
1552 1788
1553 1783
1554 1554
1555 1804
1556 1663
1557 1752
1558 1558
1559 1671
1560 1766
1561 1779
1562 1796
1563 1815
1564 1657
1565 1803
1566 1642
1567 1796
1568 1761
1569 1808
1572 1628
1573 1804
1574 1676
1576 1808
1578 1681
1579 1679
1582 1813
1583 1583
1584 1788
1585 1804
1586 1796
1588 1630
1589 1766
1590 1628
1592 1617
1593 1788
1595 1804
1596 1598
1597 1763
1598 1765
1599 1813
1600 1789
1601 1807
1602 1738
1603 1777
1604 1670
1605 1796
1607 1657
1608 1817
1609 1689
1610 1804
1611 1741
1612 1703
1613 1729
1616 1804
1617 1804
1618 1718
1619 1686
1620 1742
1621 1639
1622 1722
1623 1623
1624 1759
1625 1807
1626 1676
1627 1686
1628 1800
1629 1808
1630 1788
1631 1631
1632 1667
1635 1635
1636 1689
1637 1813
1639 1697
1641 1684
1642 1804
1643 1804
1645 1645
1646 1815
1647 1804
1648 1723
1650 1714
1651 1729
1652 1748
1653 1653
1654 1698
1657 1767
1658 1658
1659 1788
1661 1810
1662 1804
1663 1757
1665 1675
1667 1816
1668 1720
1669 1772
1670 1814
1672 1815
1673 1805
1674 1751
1675 1807
1676 1805
1677 1802
1679 1683
1680 1693
1682 1682
1683 1787
1684 1734
1685 1787
1686 1808
1687 1788
1688 1734
1689 1775
1690 1808
1691 1766
1692 1787
1693 1799
1694 1807
1697 1714
1698 1734
1699 1699
1701 1741
1702 1748
1703 1807
1705 1804
1706 1795
1707 1804
1708 1721
1714 1804
1715 1788
1718 1796
1721 1757
1722 1726
1728 1728
1729 1818
1730 1808
1732 1791
1733 1804
1734 1804
1737 1807
1739 1739
1742 1749
1743 1804
1744 1799
1746 1816
1747 1808
1748 1809
1751 1813
1753 1779
1754 1754
1757 1757
1760 1804
1761 1804
1762 1813
1764 1804
1765 1807
1766 1808
1767 1767
1768 1804
1769 1807
1770 1786
1773 1804
1774 1804
1775 1804
1776 1807
1777 1777
1779 1807
1780 1798
1786 1787
1787 1813
1788 1804
1792 1804
1793 1807
1795 1795
1796 1796
1797 1804
1798 1804
1800 1804
1802 1802
1803 1803
1804 1813
1805 1805
1806 1807
1807 1807
1808 1812
1809 1809
1812 1812
1813 1813
1814 1814
