1248 0
87 1
791 2
1158 3
881 4
1620 5
1277 6
920 7
57 8
1399 9
52 10
301 11
315 12
1595 13
1726 14
925 15
1105 16
140 17
42 18
1736 19
1316 20
1587 21
1341 22
1289 23
500 24
1092 25
582 26
1015 27
324 28
1044 29
1561 30
1784 31
326 32
1086 33
1499 34
1407 35
1377 36
91 37
337 38
181 39
32 40
54 41
1141 42
641 43
1106 44
1235 45
1061 46
1077 47
1596 48
28 49
1633 50
1157 51
718 52
1594 53
827 54
507 55
607 56
855 57
1035 58
290 59
672 60
221 61
980 62
232 63
631 64
1254 65
635 66
1127 67
787 68
442 69
863 70
570 71
734 72
379 73
872 74
800 75
1226 76
244 77
991 78
271 79
1517 80
1081 81
113 82
1040 83
1781 84
296 85
1809 86
1559 87
716 88
975 89
533 90
1022 91
79 92
564 93
708 94
1656 95
1490 96
1779 97
306 98
1096 99
989 100
885 101
307 102
211 103
868 104
393 105
738 106
1350 107
1484 108
918 109
1118 110
1756 111
1692 112
1707 113
344 114
1489 115
361 116
1660 117
480 118
1318 119
725 120
618 121
5 122
1501 123
86 124
1466 125
1755 126
66 127
1095 128
1416 129
1159 130
13 131
1210 132
102 133
1025 134
1720 135
778 136
1285 137
243 138
1364 139
1071 140
150 141
801 142
1036 143
1653 144
504 145
1703 146
1448 147
852 148
1505 149
1567 150
45 151
604 152
535 153
1772 154
665 155
59 156
1034 157
974 158
1504 159
406 160
129 161
1516 162
1131 163
274 164
816 165
1608 166
170 167
601 168
1533 169
1759 170
1787 171
1074 172
830 173
1029 174
505 175
1737 176
240 177
771 178
1696 179
349 180
529 181
1356 182
131 183
932 184
1487 185
841 186
1066 187
1163 188
633 189
1754 190
266 191
0 192
1818 193
1175 194
355 195
1467 196
931 197
679 198
605 199
697 200
358 201
377 202
680 203
723 204
637 205
511 206
6 207
742 208
671 209
198 210
1206 211
1626 212
1091 213
373 214
1622 215
538 216
580 217
772 218
1058 219
1208 220
1436 221
1659 222
238 223
1540 224
534 225
81 226
656 227
250 228
883 229
997 230
1433 231
699 232
325 233
1804 234
681 235
183 236
369 237
138 238
88 239
1550 240
1115 241
1327 242
995 243
1367 244
1064 245
155 246
1783 247
391 248
813 249
527 250
1323 251
664 252
1642 253
706 254
935 255
1314 256
233 257
276 258
594 259
686 260
1654 261
9 262
1806 263
1263 264
222 265
784 266
1459 267
871 268
976 269
1269 270
299 271
127 272
320 273
1764 274
963 275
1528 276
1215 277
524 278
1362 279
189 280
473 281
1336 282
1546 283
1686 284
1666 285
408 286
753 287
994 288
850 289
593 290
517 291
1171 292
1476 293
1573 294
223 295
1391 296
836 297
1275 298
957 299
1786 300
1381 301
1236 302
12 303
1569 304
85 305
739 306
260 307
1169 308
1396 309
1776 310
1121 311
1493 312
235 313
457 314
766 315
459 316
1741 317
285 318
1039 319
1184 320
1348 321
405 322
1349 323
17 324
779 325
842 326
193 327
741 328
1295 329
1156 330
62 331
759 332
1147 333
218 334
1554 335
756 336
494 337
254 338
1405 339
897 340
775 341
763 342
1537 343
1563 344
98 345
743 346
208 347
462 348
1723 349
1445 350
248 351
1661 352
676 353
798 354
1643 355
96 356
1083 357
521 358
1464 359
945 360
1007 361
1004 362
1481 363
569 364
357 365
441 366
1047 367
1438 368
520 369
1677 370
215 371
19 372
675 373
498 374
1477 375
282 376
1579 377
873 378
435 379
869 380
1192 381
1119 382
1016 383
3 384
1389 385
1043 386
1813 387
267 388
1283 389
345 390
1542 391
814 392
11 393
1443 394
1388 395
515 396
987 397
384 398
948 399
1684 400
1294 401
415 402
1621 403
1632 404
450 405
188 406
799 407
929 408
105 409
1592 410
41 411
1453 412
574 413
843 414
1209 415
1584 416
416 417
278 418
634 419
896 420
245 421
831 422
1812 423
1629 424
617 425
303 426
875 427
212 428
736 429
422 430
865 431
210 432
1523 433
673 434
773 435
1582 436
1763 437
1497 438
1440 439
549 440
402 441
1751 442
135 443
924 444
571 445
46 446
1640 447
1518 448
1725 449
114 450
1617 451
294 452
1714 453
947 454
493 455
182 456
1139 457
592 458
1634 459
530 460
1480 461
1233 462
1674 463
1817 464
904 465
295 466
962 467
688 468
610 469
849 470
163 471
33 472
712 473
454 474
1668 475
1393 476
1154 477
689 478
955 479
1753 480
1093 481
888 482
1222 483
608 484
207 485
1357 486
124 487
1801 488
704 489
1385 490
1545 491
1132 492
1310 493
1085 494
385 495
1520 496
1734 497
395 498
73 499
1196 500
1665 501
1205 502
100 503
1257 504
427 505
598 506
241 507
1765 508
996 509
495 510
930 511
111 512
1591 513
1126 514
705 515
892 516
1330 517
283 518
950 519
713 520
1426 521
70 522
606 523
690 524
638 525
726 526
943 527
95 528
433 529
1113 530
410 531
1411 532
130 533
785 534
1715 535
335 536
540 537
1038 538
653 539
272 540
916 541
578 542
693 543
1796 544
1373 545
1600 546
1683 547
1129 548
478 549
1363 550
489 551
1427 552
1671 553
364 554
908 555
1811 556
1114 557
227 558
157 559
1607 560
965 561
214 562
1312 563
161 564
1354 565
336 566
1690 567
659 568
1650 569
466 570
1747 571
279 572
1580 573
1326 574
513 575
703 576
1148 577
845 578
452 579
985 580
1409 581
1207 582
162 583
1697 584
1136 585
1259 586
789 587
1469 588
309 589
1475 590
1735 591
1380 592
334 593
1234 594
817 595
1338 596
1304 597
374 598
545 599
621 600
882 601
1395 602
383 603
667 604
1691 605
1670 606
196 607
1125 608
579 609
1213 610
822 611
1212 612
1216 613
1122 614
624 615
1155 616
761 617
602 618
1177 619
311 620
1803 621
1713 622
588 623
471 624
158 625
61 626
887 627
50 628
670 629
567 630
1457 631
1768 632
411 633
669 634
622 635
912 636
1731 637
186 638
951 639
407 640
1576 641
1165 642
1547 643
1325 644
413 645
1468 646
516 647
1410 648
632 649
1628 650
1667 651
1425 652
93 653
1402 654
1794 655
1000 656
758 657
1451 658
1511 659
503 660
1808 661
1052 662
921 663
1603 664
1549 665
642 666
926 667
891 668
1265 669
90 670
1750 671
16 672
123 673
729 674
910 675
1232 676
942 677
177 678
1649 679
236 680
428 681
1076 682
978 683
727 684
1552 685
323 686
231 687
381 688
273 689
1072 690
655 691
329 692
1428 693
1006 694
40 695
937 696
714 697
1509 698
1060 699
1682 700
838 701
447 702
82 703
724 704
372 705
1306 706
1749 707
1512 708
338 709
1610 710
982 711
1246 712
1816 713
1771 714
49 715
1342 716
327 717
1663 718
1548 719
660 720
1102 721
359 722
474 723
1658 724
84 725
658 726
362 727
1370 728
1202 729
1069 730
1049 731
1646 732
1128 733
490 734
7 735
26 736
946 737
898 738
39 739
350 740
1560 741
1766 742
783 743
1288 744
846 745
1301 746
352 747
1414 748
187 749
902 750
1748 751
149 752
1758 753
803 754
1527 755
225 756
1556 757
508 758
959 759
878 760
399 761
1732 762
553 763
37 764
456 765
735 766
1166 767
1384 768
1430 769
857 770
1452 771
1219 772
217 773
1456 774
1657 775
1321 776
258 777
71 778
1795 779
702 780
647 781
1562 782
1700 783
310 784
378 785
793 786
1415 787
1311 788
259 789
368 790
354 791
1297 792
1253 793
332 794
1739 795
1472 796
367 797
434 798
173 799
484 800
509 801
1201 802
1262 803
2 804
249 805
864 806
318 807
1800 808
22 809
1068 810
75 811
1675 812
1798 813
1276 814
126 815
1280 816
522 817
1195 818
418 819
1557 820
1190 821
1460 822
944 823
470 824
1368 825
936 826
952 827
1353 828
977 829
986 830
1719 831
749 832
809 833
1251 834
685 835
343 836
1191 837
438 838
782 839
1073 840
1454 841
94 842
152 843
38 844
476 845
1494 846
1539 847
1769 848
769 849
839 850
767 851
1378 852
1513 853
884 854
1220 855
148 856
1282 857
1153 858
1398 859
178 860
92 861
1033 862
200 863
269 864
710 865
626 866
1685 867
246 868
1014 869
1351 870
175 871
1551 872
1242 873
966 874
1176 875
146 876
1648 877
67 878
1543 879
1486 880
108 881
844 882
752 883
748 884
539 885
1597 886
25 887
1564 888
552 889
623 890
1197 891
1638 892
837 893
185 894
1237 895
293 896
475 897
1116 898
1500 899
854 900
197 901
917 902
390 903
147 904
502 905
1618 906
1264 907
1243 908
1376 909
719 910
627 911
1272 912
1010 913
969 914
862 915
960 916
1534 917
1585 918
1770 919
137 920
866 921
77 922
695 923
425 924
510 925
109 926
1568 927
1404 928
401 929
321 930
1189 931
531 932
270 933
1687 934
1133 935
1088 936
629 937
754 938
1586 939
1045 940
1017 941
939 942
1181 943
1179 944
906 945
1138 946
776 947
289 948
645 949
1298 950
1810 951
51 952
698 953
835 954
1503 955
501 956
256 957
1774 958
262 959
919 960
99 961
371 962
284 963
795 964
171 965
640 966
1491 967
523 968
1079 969
1701 970
1261 971
1346 972
1358 973
979 974
1324 975
1502 976
1807 977
651 978
544 979
305 980
1260 981
1023 982
1439 983
1009 984
195 985
453 986
128 987
1011 988
1442 989
1130 990
1287 991
1532 992
707 993
1134 994
1437 995
1250 996
1478 997
1419 998
1400 999
340 1000
1214 1001
1420 1002
1614 1003
1161 1004
1194 1005
1360 1006
832 1007
928 1008
1689 1009
757 1010
1602 1011
762 1012
1680 1013
1710 1014
828 1015
537 1016
941 1017
1636 1018
1371 1019
1625 1020
1401 1021
421 1022
333 1023
550 1024
744 1025
983 1026
29 1027
1615 1028
1565 1029
277 1030
684 1031
1333 1032
1609 1033
1199 1034
654 1035
168 1036
1488 1037
1369 1038
1733 1039
1535 1040
30 1041
1422 1042
721 1043
560 1044
596 1045
1574 1046
491 1047
1271 1048
14 1049
851 1050
1018 1051
1441 1052
439 1053
467 1054
1788 1055
584 1056
1762 1057
1255 1058
874 1059
616 1060
1075 1061
43 1062
526 1063
455 1064
1413 1065
692 1066
1053 1067
1249 1068
575 1069
563 1070
687 1071
674 1072
165 1073
639 1074
1612 1075
1746 1076
1352 1077
153 1078
1639 1079
886 1080
652 1081
586 1082
1164 1083
1067 1084
1645 1085
351 1086
1296 1087
1744 1088
24 1089
1198 1090
1143 1091
561 1092
1635 1093
732 1094
543 1095
204 1096
141 1097
722 1098
958 1099
1340 1100
661 1101
1344 1102
115 1103
796 1104
370 1105
317 1106
790 1107
901 1108
136 1109
1519 1110
1256 1111
1575 1112
612 1113
469 1114
745 1115
576 1116
1027 1117
414 1118
1555 1119
1662 1120
302 1121
132 1122
961 1123
449 1124
600 1125
954 1126
202 1127
956 1128
1729 1129
1375 1130
1593 1131
190 1132
1225 1133
1 1134
1724 1135
1767 1136
499 1137
1089 1138
1041 1139
1483 1140
389 1141
1479 1142
824 1143
720 1144
1387 1145
1773 1146
1730 1147
1570 1148
577 1149
967 1150
1020 1151
646 1152
479 1153
999 1154
557 1155
1704 1156
247 1157
348 1158
440 1159
1267 1160
341 1161
286 1162
797 1163
365 1164
430 1165
366 1166
877 1167
981 1168
1465 1169
1347 1170
992 1171
56 1172
1531 1173
1292 1174
1160 1175
1332 1176
590 1177
328 1178
1740 1179
429 1180
972 1181
558 1182
1174 1183
1678 1184
331 1185
1423 1186
1572 1187
423 1188
1793 1189
818 1190
573 1191
933 1192
1003 1193
1507 1194
386 1195
812 1196
1652 1197
1167 1198
72 1199
1605 1200
1815 1201
1718 1202
1510 1203
1447 1204
572 1205
1200 1206
486 1207
1613 1208
694 1209
1462 1210
1320 1211
1042 1212
1588 1213
316 1214
1026 1215
1070 1216
1152 1217
1752 1218
792 1219
1778 1220
448 1221
477 1222
934 1223
751 1224
53 1225
120 1226
1037 1227
554 1228
556 1229
547 1230
988 1231
363 1232
31 1233
1397 1234
1309 1235
815 1236
1329 1237
319 1238
644 1239
497 1240
398 1241
909 1242
106 1243
1745 1244
1637 1245
1526 1246
1270 1247
611 1248
613 1249
683 1250
18 1251
834 1252
774 1253
802 1254
1137 1255
1631 1256
519 1257
64 1258
179 1259
648 1260
1722 1261
691 1262
1168 1263
1498 1264
1109 1265
224 1266
1616 1267
1664 1268
1101 1269
701 1270
44 1271
1525 1272
1721 1273
1780 1274
847 1275
525 1276
1050 1277
585 1278
143 1279
80 1280
159 1281
1111 1282
313 1283
1117 1284
1343 1285
1245 1286
1178 1287
528 1288
1598 1289
387 1290
180 1291
353 1292
34 1293
1055 1294
388 1295
104 1296
1229 1297
1651 1298
101 1299
1307 1300
63 1301
1031 1302
1403 1303
1455 1304
468 1305
1630 1306
1162 1307
1221 1308
1412 1309
781 1310
1790 1311
400 1312
1218 1313
346 1314
636 1315
1449 1316
1432 1317
164 1318
1522 1319
823 1320
968 1321
764 1322
1474 1323
110 1324
566 1325
382 1326
287 1327
219 1328
625 1329
312 1330
1506 1331
1418 1332
1698 1333
1345 1334
1240 1335
755 1336
1005 1337
922 1338
1059 1339
492 1340
199 1341
451 1342
630 1343
1057 1344
1231 1345
1379 1346
481 1347
861 1348
806 1349
731 1350
1495 1351
733 1352
1291 1353
765 1354
984 1355
298 1356
1408 1357
1244 1358
1366 1359
949 1360
192 1361
595 1362
1299 1363
134 1364
1217 1365
36 1366
804 1367
1673 1368
1496 1369
1706 1370
281 1371
1078 1372
1279 1373
1374 1374
1274 1375
206 1376
375 1377
1135 1378
923 1379
740 1380
1293 1381
1054 1382
460 1383
1742 1384
1644 1385
1775 1386
536 1387
58 1388
1434 1389
83 1390
35 1391
1046 1392
780 1393
392 1394
1463 1395
496 1396
1529 1397
330 1398
174 1399
205 1400
251 1401
860 1402
512 1403
167 1404
805 1405
119 1406
1120 1407
682 1408
1104 1409
1337 1410
261 1411
78 1412
1676 1413
1303 1414
446 1415
711 1416
116 1417
420 1418
60 1419
1421 1420
1193 1421
1544 1422
1008 1423
112 1424
1180 1425
1727 1426
737 1427
1799 1428
1140 1429
1173 1430
915 1431
380 1432
927 1433
226 1434
1331 1435
700 1436
1406 1437
1328 1438
1791 1439
1308 1440
1100 1441
1577 1442
1444 1443
1241 1444
760 1445
565 1446
1792 1447
1695 1448
657 1449
1386 1450
394 1451
145 1452
1339 1453
1566 1454
1482 1455
913 1456
1599 1457
465 1458
103 1459
1716 1460
1062 1461
191 1462
1647 1463
1322 1464
894 1465
643 1466
65 1467
768 1468
314 1469
1013 1470
1604 1471
1151 1472
826 1473
1712 1474
409 1475
121 1476
1458 1477
1814 1478
859 1479
252 1480
1002 1481
220 1482
1204 1483
133 1484
905 1485
1424 1486
1001 1487
1258 1488
1606 1489
1112 1490
1145 1491
275 1492
1471 1493
1359 1494
239 1495
1224 1496
356 1497
487 1498
820 1499
1103 1500
280 1501
396 1502
288 1503
717 1504
1538 1505
184 1506
464 1507
808 1508
1056 1509
1589 1510
1485 1511
807 1512
668 1513
74 1514
1024 1515
485 1516
213 1517
20 1518
1188 1519
1355 1520
347 1521
1107 1522
728 1523
308 1524
458 1525
1709 1526
899 1527
1508 1528
1317 1529
777 1530
825 1531
1624 1532
304 1533
376 1534
1286 1535
1090 1536
156 1537
264 1538
1524 1539
1541 1540
122 1541
1672 1542
1028 1543
47 1544
216 1545
1623 1546
589 1547
1435 1548
1461 1549
666 1550
166 1551
973 1552
255 1553
15 1554
97 1555
1627 1556
342 1557
938 1558
551 1559
1223 1560
907 1561
1080 1562
1239 1563
419 1564
1694 1565
599 1566
876 1567
870 1568
360 1569
403 1570
8 1571
1203 1572
609 1573
268 1574
444 1575
890 1576
1782 1577
514 1578
1124 1579
237 1580
472 1581
483 1582
160 1583
911 1584
696 1585
518 1586
1065 1587
819 1588
615 1589
900 1590
1290 1591
1802 1592
628 1593
292 1594
339 1595
829 1596
89 1597
1705 1598
445 1599
1702 1600
107 1601
1383 1602
228 1603
291 1604
1099 1605
591 1606
488 1607
833 1608
1446 1609
650 1610
1530 1611
1108 1612
426 1613
678 1614
953 1615
68 1616
1492 1617
234 1618
1284 1619
1149 1620
437 1621
1581 1622
76 1623
21 1624
125 1625
1717 1626
23 1627
1319 1628
1711 1629
1514 1630
1382 1631
1185 1632
568 1633
1679 1634
794 1635
48 1636
1281 1637
1252 1638
139 1639
431 1640
1247 1641
1172 1642
176 1643
1268 1644
1365 1645
1305 1646
1021 1647
1278 1648
750 1649
1313 1650
1743 1651
1211 1652
867 1653
1300 1654
709 1655
144 1656
1450 1657
811 1658
55 1659
1150 1660
895 1661
1655 1662
730 1663
1473 1664
1146 1665
559 1666
562 1667
1230 1668
297 1669
856 1670
117 1671
1019 1672
1619 1673
397 1674
971 1675
581 1676
1030 1677
1183 1678
436 1679
542 1680
619 1681
1558 1682
998 1683
1394 1684
903 1685
649 1686
1728 1687
1228 1688
265 1689
788 1690
1578 1691
322 1692
203 1693
506 1694
603 1695
786 1696
770 1697
1110 1698
4 1699
1372 1700
463 1701
1032 1702
747 1703
541 1704
432 1705
1390 1706
257 1707
893 1708
1590 1709
614 1710
1142 1711
1757 1712
1048 1713
964 1714
1601 1715
194 1716
461 1717
242 1718
940 1719
209 1720
1182 1721
1681 1722
1087 1723
587 1724
1611 1725
1335 1726
546 1727
1470 1728
1693 1729
424 1730
201 1731
300 1732
10 1733
1789 1734
1334 1735
1641 1736
151 1737
27 1738
1012 1739
1361 1740
677 1741
1583 1742
1186 1743
1187 1744
1273 1745
417 1746
1392 1747
1761 1748
1571 1749
1051 1750
555 1751
746 1752
404 1753
1123 1754
172 1755
154 1756
715 1757
858 1758
1688 1759
848 1760
1227 1761
169 1762
1553 1763
263 1764
230 1765
1238 1766
810 1767
1738 1768
1266 1769
662 1770
840 1771
1515 1772
1097 1773
821 1774
663 1775
1063 1776
532 1777
1669 1778
253 1779
1094 1780
142 1781
990 1782
1431 1783
1084 1784
620 1785
1315 1786
1082 1787
1536 1788
880 1789
1805 1790
1777 1791
443 1792
853 1793
970 1794
548 1795
1429 1796
1521 1797
412 1798
1699 1799
1302 1800
1785 1801
597 1802
1708 1803
229 1804
583 1805
1760 1806
993 1807
1170 1808
914 1809
1098 1810
889 1811
879 1812
1417 1813
482 1814
69 1815
1797 1816
118 1817
1144 1818
